Orbit: 1.7508852 0.6024939 -0.0022236 -0.0110349 0.0088114 0.0000351
epoch JD 2450767.50000 (2450745.07453)
Eigenvalues computed: sigma_squared = 2.65269
   0:       -303    -17233   -919457      1.49      84.7      4516   -104017    911729    -17053       539     -4722       125
   1:       -247     -9029   -462921      -628    -23060  -1.18e+6    -45029    460526     -8958   -115084   1.18e+6    -22928
   2:       -720    -16222   -928807     -2891    -65483  -3.75e+6    -81726    923656    -16065   -330616   3.73e+6    -64621
   3:      -1707    -12245  -1.16e+6     -7045    -50627   -4.8e+6   -101483   1.15e+6    -12023   -420566   4.77e+6    -49612
   4:       -282    -10145   -465677     -1578    -57799  -2.65e+6    -36351    464138    -10085   -208104   2.64e+6    -57369
   5:       -293    -11295   -466737     -2163    -86199  -3.56e+6    -31102    465674    -11242   -239952   3.55e+6    -85774
   6:      -1133    -13855   -933997     -9059   -111996  -7.55e+6    -59691    931110    -13728   -488785   7.53e+6   -111209
   7:       -704     -5275   -467274     -6171    -46645  -4.13e+6    -27839    466507     -5219   -250370   4.13e+6    -46553
   8:      -1213    -23624  -1.17e+6    -11101   -221620   -1.1e+7    -65997   1.17e+6    -23464   -631796   1.09e+7   -220437
   9:      -1744    -15950  -1.17e+6    -19073   -177561   -1.3e+7    -54659   1.17e+6    -15811   -630590    1.3e+7   -176330
  10:      -1462     -9981   -935212    -17470   -121137  -1.14e+7    -38589    934394     -9887   -491814   1.13e+7   -119445
  11:       -490    -13446   -467217     -6135   -182491  -6.35e+6    -15775    467485    -13396   -230975   6.35e+6   -181753
  12:       -509    -14533   -466866     -6755   -212787  -6.84e+6    -13179    467368    -14481   -214611   6.84e+6   -212129
  13:      -1025    -28255   -933603    -13803   -419499  -1.39e+7    -25403    934046    -28134   -422393   1.39e+7   -417516
  14:       -615    -14577   -465900     -9214   -243954  -7.81e+6     -8302    466878    -14522   -172448   7.81e+6   -243119
  15:      -1350    -36499   -928655    -21545   -690643  -1.76e+7     -7036    931211    -36331   -233356   1.76e+7   -688887
  16:       -784     -7084   -463824    -14666   -140988  -9.26e+6     -1412    465585     -7048    -87348   9.27e+6   -140109
  17:      -2086    -34790  -1.16e+6    -39074   -748601  -2.49e+7      4519   1.16e+6    -34599    -93705    2.5e+7   -746341
  18:       -873    -21306   -461770    -15301   -462237     -1e+7      2130    464009    -21196    -32220   1.01e+7   -461324
  19:       -937    -21089   -460844    -17049   -476822  -1.05e+7      3869    463347    -20972     -2302   1.05e+7   -475575
Covariance:
   1.44e-6   1.65e-7  -3.69e-9   1.81e-8   -7.9e-9  2.67e-11
   1.65e-7    1.9e-8 -4.24e-10   2.08e-9 -9.07e-10  3.06e-12
  -3.69e-9 -4.24e-10  1.03e-11 -4.64e-11  2.02e-11 -1.22e-13
   1.81e-8   2.08e-9 -4.64e-11  2.34e-10 -9.93e-11  3.25e-13
   -7.9e-9 -9.07e-10  2.02e-11 -9.93e-11  4.33e-11 -1.46e-13
  2.67e-11  3.06e-12 -1.22e-13  3.25e-13 -1.46e-13  5.38e-15
Covariance: test for orthogonality
  2.11e-12  2.42e-13  -5.4e-15  2.65e-14 -1.16e-14   3.9e-17
  2.42e-13  2.77e-14 -6.19e-16  3.03e-15 -1.32e-15  4.47e-18
  -5.4e-15 -6.19e-16  1.38e-17 -6.78e-17  2.96e-17 -9.99e-20
  2.65e-14  3.03e-15 -6.78e-17  3.32e-16 -1.45e-16   4.9e-19
 -1.16e-14 -1.32e-15  2.96e-17 -1.45e-16  6.33e-17 -2.14e-19
   3.9e-17  4.47e-18 -9.99e-20   4.9e-19 -2.14e-19  7.22e-22
Correlation:
  1.000000  0.999947 -0.959808  0.986358 -0.999940  0.303088
  0.999947  1.000000 -0.959781  0.987619 -0.999967  0.302638
 -0.959808 -0.959781  1.000000 -0.947205  0.959758 -0.520929
  0.986358  0.987619 -0.947205  1.000000 -0.986719  0.289973
 -0.999940 -0.999967  0.959758 -0.986719  1.000000 -0.302932
  0.303088  0.302638 -0.520929  0.289973 -0.302932  1.000000
WtW:
  4.65e+10 -6.25e+11  2.65e+10  2.41e+11 -4.05e+12  2.74e+11
 -6.25e+11  1.27e+13      2e+9 -4.62e+12  1.42e+14  1.71e+10
  2.65e+10      2e+9  1.28e+13  2.73e+11  1.45e+10  1.42e+14
  2.41e+11 -4.62e+12  2.73e+11  2.12e+12 -4.78e+13  3.91e+12
 -4.05e+12  1.42e+14  1.45e+10 -4.78e+13  2.12e+15  1.99e+11
  2.74e+11  1.71e+10  1.42e+14  3.91e+12  1.99e+11  2.12e+15
WtW: test for orthogonality
  1.69e+25 -5.83e+26  3.93e+25  1.98e+26 -8.69e+27  5.86e+26
 -5.83e+26  2.03e+28  3.26e+24 -6.86e+27  3.03e+29  4.69e+25
  3.93e+25  3.26e+24  2.03e+28  5.58e+26  4.63e+25  3.03e+29
  1.98e+26 -6.86e+27  5.58e+26  2.33e+27 -1.02e+29  8.33e+27
 -8.69e+27  3.03e+29  4.63e+25 -1.02e+29  4.53e+30  6.62e+26
  5.86e+26  4.69e+25  3.03e+29  8.33e+27  6.62e+26  4.52e+30
Eigenvectors:
  0.993390  0.113952 -0.002544  0.012473 -0.005446  0.000018
 -0.060984  0.432686 -0.003653  0.899428 -0.008779 -0.001407
  0.001574  0.008546  0.997726 -0.000063 -0.000571 -0.066834
 -0.097219  0.891773 -0.007464 -0.436305 -0.069790  0.001317
  0.000330 -0.007023  0.066466  0.004199 -0.104831  0.992233
 -0.001890  0.066458  0.007027 -0.022224  0.991984  0.104899
Eigenvectors: test for orthogonality
  1.000000  0.000000  0.000000  0.000000  0.000000  0.000000
  0.000000  1.000000 -0.000000 -0.000000  0.000000 -0.000000
  0.000000 -0.000000  1.000000 -0.000000  0.000000 -0.000000
  0.000000 -0.000000 -0.000000  1.000000  0.000000  0.000000
  0.000000  0.000000  0.000000  0.000000  1.000000 -0.000000
  0.000000 -0.000000 -0.000000  0.000000 -0.000000  1.000000
Eigenvalues:
    684352  1.31e+11  1.23e+12  1.49e+12  8.04e+14  8.04e+14
One-sigma eigenvect:
    0.0012  0.000138  -3.08e-6   1.51e-5  -6.58e-6   2.22e-8

Covariance in 'traditional' elements:
   Tp        e         q         Q         1/a       i         M         omega     Omega     MOID      H      
 (days)    (unitless) (AU)      (AU)      (1/AU)   (deg)     (deg)       (deg)     (deg)     (AU)    (mag)
    0.0819 -0.000216  -9.07e-5  -0.00284  0.000241   7.25e-5   -0.0468    0.0501   -0.0117         0  -0.00119 Tp
 -0.000216   5.79e-7   2.37e-7    7.6e-6  -6.46e-7  -1.88e-7  0.000124 -0.000132   3.02e-5         0    3.1e-6 e
  -9.07e-5   2.37e-7   1.01e-7   3.12e-6  -2.66e-7  -8.06e-8   5.16e-5  -5.55e-5    1.3e-5         0   1.33e-6 q
  -0.00284    7.6e-6   3.12e-6   9.97e-5  -8.48e-6  -2.48e-6   0.00163  -0.00173  0.000399         0   4.09e-5 Q
  0.000241  -6.46e-7  -2.66e-7  -8.48e-6   7.21e-7   2.11e-7 -0.000139  0.000147   -3.4e-5         0  -3.48e-6 1/a
   7.25e-5  -1.88e-7  -8.06e-8  -2.48e-6   2.11e-7    1.5e-7  -4.11e-5   6.01e-5  -2.61e-5         0  -1.07e-6 i
   -0.0468  0.000124   5.16e-5   0.00163 -0.000139  -4.11e-5    0.0268   -0.0286   0.00661         0  0.000678 M
    0.0501 -0.000132  -5.55e-5  -0.00173  0.000147   6.01e-5   -0.0286    0.0336   -0.0101         0 -0.000732 omega
   -0.0117   3.02e-5    1.3e-5  0.000399   -3.4e-5  -2.61e-5   0.00661   -0.0101   0.00461         0  0.000172 Omega
         0         0         0         0         0         0         0         0         0         0         0 MOID
  -0.00119    3.1e-6   1.33e-6   4.09e-5  -3.48e-6  -1.07e-6  0.000678 -0.000732  0.000172         0   1.76e-5 H
   Tp        e         q         Q         1/a       i         M         omega     Omega     MOID      H      

   Tp          0.286 2450881.201925269
       -49.6     -43.4    0.0191    -12122      5499      31.5
   e        0.000761 0.575278573
      -0.325      0.31   0.00112        75      6.99    -0.127
   q        0.000317 1.045513303
      -0.619     -1.25 -0.000946      7.27      -170    -0.298
   Q         0.00998 3.877776349
       -6.07     -1.05   0.00944       897      -551     -2.57
   1/a      0.000849 0.406232446
       0.552      0.19 -0.000701     -74.6      59.6     0.237
   i        0.000387 0.142517367
    -0.00417   0.00377     -2.26     -7.76      7.02     -4207
   M           0.164 -29.015750276
       -46.4     -9.25    0.0702     11082     -7784     -33.4
   omega       0.183 72.210055563
        15.3      63.6    -14706     -8109     15739   -933826
   Omega      0.0679 47.856542610
        27.1     -24.5     14706      1720     -1556    933864
   MOID            0 0.000000000
           0         0         0         0         0         0
   H          0.0042 16.537013206
        3.37    -0.567   -0.0116      13.9     -2.35    -0.048

Planet orbiting: 0
Sigmas:
sigma_Tp        0.286 days
sigma_e      0.000761 
sigma_q      0.000317 AU (47488 km)
sigma_Q       0.00998 AU (1.49e+6 km)
sigma_1/a    0.000849 1/AU
sigma_i       0.00038 deg
sigma_M          0.16 deg
sigma_omega      0.18 deg
sigma_Omega      0.06 deg
sigma_MOID          0 AU (0 km)
sigma_H        0.0042 mag
sigma_n:       0.0008
sigma_a:      0.00515 AU (769867 km)
sigma_P:         4.42 days
sigma_Py:     0.0121 years
U=8.0
