Orbit: -5.0852798 2.0841953 0.1006821 -0.0021311 -0.0066139 -0.0003777
epoch JD 2448706.50000 (2448676.89831)
Eigenvalues computed: sigma_squared = 0.584377
   0:       -546      -452    -15233      14.3      11.8       398     -5626    -14160       622       147       369     -6.96
   1:       -546      -451    -15233      3.44      2.84      95.9     -5626    -14160       621      29.4      74.1     -5.15
   2:       -545      -448    -15233     -9.13     -7.52      -255     -5627    -14160       618     -87.2      -221        36
   3:       -569      -501    -15192     -6078     -5355   -162398     -5942    -14072       687    -63630   -149797      7388
   4:       -584      -538    -15188     -6358     -5857   -165278     -5945    -14069       728    -64796   -152398      7907
   5:       -587      -545    -15187     -6402     -5943   -165602     -5945    -14069       735    -64921   -152679      7986
   6:       -590      -553    -15186     -6461     -6051   -166146     -5946    -14068       744    -65160   -153212      8117
   7:       -583      -535    -15145     -7987     -7332   -207527     -6008    -14047       729    -82533   -191121     10000
   8:       -710      -831    -14672    -20773    -24222   -429194     -6165    -13940      1086   -182022   -394892     31346
   9:       -683      -772    -14643    -20564    -23194   -440585     -6168    -13941      1026   -187423   -405483     30397
  10:       -714      -843    -14627    -21694    -25466   -443894     -6165    -13936      1101   -188957   -408584     32936
Covariance:
    0.0104  -0.00414 -0.000249  0.000215 -0.000116  -4.48e-6
  -0.00414   0.00165   9.94e-5  -8.57e-5   4.63e-5   1.78e-6
 -0.000249   9.94e-5   5.99e-6  -5.17e-6   2.79e-6   1.08e-7
  0.000215  -8.57e-5  -5.17e-6   4.46e-6  -2.41e-6  -9.29e-8
 -0.000116   4.63e-5   2.79e-6  -2.41e-6    1.3e-6   5.01e-8
  -4.48e-6   1.78e-6   1.08e-7  -9.29e-8   5.01e-8   1.94e-9
Covariance: test for orthogonality
  0.000125  -4.98e-5     -3e-6   2.59e-6   -1.4e-6  -5.39e-8
  -4.98e-5   1.98e-5    1.2e-6  -1.03e-6   5.57e-7   2.15e-8
     -3e-6    1.2e-6   7.22e-8  -6.22e-8   3.36e-8   1.29e-9
   2.59e-6  -1.03e-6  -6.22e-8   5.36e-8   -2.9e-8  -1.12e-9
   -1.4e-6   5.57e-7   3.36e-8   -2.9e-8   1.56e-8  6.03e-10
  -5.39e-8   2.15e-8   1.29e-9  -1.12e-9  6.03e-10  2.32e-11
Correlation:
  1.000000 -1.000000 -0.999938  0.999045 -0.999286 -0.998262
 -1.000000  1.000000  0.999937 -0.999021  0.999264  0.998237
 -0.999938  0.999937  1.000000 -0.998995  0.999233  0.997899
  0.999045 -0.999021 -0.998995  1.000000 -0.999981 -0.999338
 -0.999286  0.999264  0.999233 -0.999981  1.000000  0.999304
 -0.998262  0.998237  0.997899 -0.999338  0.999304  1.000000
WtW:
   3.06e+8   7.19e+8   3.75e+7    4.4e+9   9.76e+9   4.76e+8
   7.19e+8    1.7e+9  -1.97e+7     1e+10  2.24e+10  -2.91e+8
   3.75e+7  -1.97e+7   1.95e+9   4.65e+8  -2.72e+8  2.59e+10
    4.4e+9     1e+10   4.65e+8  1.01e+11  2.21e+11  1.02e+10
   9.76e+9  2.24e+10  -2.72e+8  2.21e+11  4.85e+11  -5.93e+9
   4.76e+8  -2.91e+8  2.59e+10  1.02e+10  -5.93e+9  5.73e+11
WtW: test for orthogonality
  1.15e+20  2.64e+20  1.18e+19  2.61e+21  5.72e+21   2.6e+20
  2.64e+20  6.06e+20    -9e+18  5.97e+21  1.31e+22 -1.98e+20
  1.18e+19    -9e+18  6.74e+20  2.51e+20 -1.83e+20  1.49e+22
  2.61e+21  5.97e+21  2.51e+20  5.91e+22  1.29e+23  5.55e+21
  5.72e+21  1.31e+22 -1.83e+20  1.29e+23  2.84e+23 -4.03e+21
   2.6e+20 -1.98e+20  1.49e+22  5.55e+21 -4.03e+21  3.29e+23
Eigenvectors:
  0.928532 -0.369936 -0.022310  0.019230 -0.010385 -0.000400
  0.057608  0.202750 -0.008149  0.885271 -0.414027 -0.019590
  0.034968  0.027615  0.997983 -0.001102 -0.001473 -0.045170
  0.364625  0.905272 -0.037714 -0.209567  0.046407  0.006074
  0.002571  0.003491  0.044997  0.057202  0.076440  0.994405
  0.018136  0.041802 -0.004223  0.410772  0.905801 -0.093261
Eigenvectors: test for orthogonality
  1.000000  0.000000  0.000000 -0.000000  0.000000  0.000000
  0.000000  1.000000  0.000000  0.000000  0.000000  0.000000
  0.000000  0.000000  1.000000  0.000000  0.000000 -0.000000
 -0.000000  0.000000  0.000000  1.000000 -0.000000 -0.000000
  0.000000  0.000000  0.000000 -0.000000  1.000000 -0.000000
  0.000000  0.000000 -0.000000 -0.000000 -0.000000  1.000000
Eigenvalues:
      83.1   9.21e+7   1.34e+9   1.39e+9  9.82e+11     1e+12
One-sigma eigenvect:
     0.102   -0.0406  -0.00245   0.00211  -0.00114  -4.39e-5

Covariance in 'traditional' elements:
   Tp        e         q         Q         1/a       i         M         omega     Omega     MOID      H      
 (days)    (unitless) (AU)      (AU)      (1/AU)   (deg)     (deg)       (deg)     (deg)     (AU)    (mag)
      81.1      11.6     -1.59      0.47      40.3      -629     -1202       352       170         0    -0.833 Tp
      11.6      2.29    -0.315    0.0903      8.07      -124      -237      69.7      32.4         0     -0.16 e
     -1.59    -0.315    0.0432   -0.0124     -1.11        17      32.6     -9.58     -4.45         0     0.022 q
      0.47    0.0903   -0.0124   0.00357     0.318     -4.89     -9.36      2.75      1.28         0  -0.00633 Q
      40.3      8.07     -1.11     0.318      28.4      -437      -836       246       114         0    -0.564 1/a
      -629      -124        17     -4.89      -437      6709     12846     -3773     -1753         0      8.67 i
     -1202      -237      32.6     -9.36      -836     12846     24595     -7225     -3355         0      16.6 M
       352      69.7     -9.58      2.75       246     -3773     -7225      2122       986         0     -4.88 omega
       170      32.4     -4.45      1.28       114     -1753     -3355       986       459         0     -2.27 Omega
         0         0         0         0         0         0         0         0         0         0         0 MOID
    -0.833     -0.16     0.022  -0.00633    -0.564      8.67      16.6     -4.88     -2.27         0    0.0112 H
   Tp        e         q         Q         1/a       i         M         omega     Omega     MOID      H      

   Tp              9 2448920.654129424
        -305     -2482       573   -154469   -238819    149949
   e            1.51 0.600341558
      -0.364      2.02    0.0575       816       104      -624
   q           0.208 0.047208147
      0.0893    -0.546  0.000136      -120     -16.3      92.2
   Q          0.0597 0.189034312
       0.142     -0.99    0.0345     0.535      -3.5     0.131
   1/a          5.33 8.465878689
        -8.3      55.1     -1.24      4294       709     -3306
   i            81.9 142.906821884
       -6.38      2.01     -1.18    -44162     -8332    -58927
   M             157 -160.637894473
         465       295      -394     -5974    159023    -18241
   omega        46.1 3.254504585
        -157       -16       625      3101    -49432      -348
   Omega        21.4 -79.204084418
         297      57.3       402     -3016      -566     -4019
   MOID            0 0.000000000
           0         0         0         0         0         0
   H           0.106 11.320823980
      -0.803      0.29     0.078     -4.21      2.84     0.218

Planet orbiting: 5
Sigmas:
sigma_Tp            9 days
sigma_e          1.51 
sigma_q         0.208 AU (3.11e+7 km)
sigma_Q        0.0597 AU (8.94e+6 km)
sigma_1/a        5.33 1/AU
sigma_i            80 deg
sigma_M           150 deg
sigma_omega        46 deg
sigma_Omega        21 deg
sigma_MOID          0 AU (0 km)
sigma_H         0.106 mag
sigma_n:        0.709
sigma_a:       0.0745 AU (1.12e+7 km)
sigma_P:          455 days
sigma_Py:       1.24 years
U=12.5
