Orbit: -0.8531179 -0.5363775 0.0000816 0.0143738 -0.0113784 -0.0002761
epoch JD 2450560.50000 (2450560.71651)
Eigenvalues computed: sigma_squared = 4.48248e+07
   0:    1.08e+8  -2.09e+8     -2e+8   2.08e+6  -4.19e+6  -3.67e+6   6.34e+6   7.03e+6   2.09e+8  -3.99e+7   7.07e+7  -5.91e+6
   1:    3.76e+7  -9.79e+7  -3.19e+8   1.42e+6  -3.65e+6  -1.17e+7   7.62e+7  -1.16e+8   5.71e+7   3.49e+6  -5.11e+6   6.81e+6
   2:    3.75e+7  -9.77e+7  -3.19e+8   1.51e+6  -3.76e+6  -1.16e+7   6.33e+7  -9.74e+7    4.9e+7    2.9e+6  -4.77e+6   6.45e+6
   3:    3.82e+7   -9.7e+7  -3.08e+8   1.35e+6  -2.91e+6  -7.24e+6   4.36e+7  -7.07e+7   3.66e+7    860588  -2.95e+6   4.81e+6
   4:    4.08e+7  -9.71e+7  -2.87e+8   1.35e+6  -1.67e+6    559855   2.15e+7  -4.27e+7   2.18e+7  -1.53e+6  -1.39e+6   2.46e+6
   5:    5.22e+7  -1.06e+8  -2.68e+8   3.86e+6  -2.96e+6   8.09e+6   3.85e+6  -2.25e+7    9.2e+6  -2.88e+6  -1.71e+6    715294
   6:    1.51e+8  -1.81e+8  -3.11e+8   3.61e+7  -2.79e+7  -5.38e+6  -5.68e+6  -1.39e+7   2.91e+6  -2.98e+6  -3.63e+6    425091
   7:    2.44e+9 -1.05e+10 -2.48e+10   9.62e+8  -3.93e+9  -9.36e+9   5.66e+7   6.21e+7  -1.27e+7   2.03e+7    2.2e+7  -4.57e+6
Covariance:
    1.5e-7   8.23e-8  -4.91e-9  -4.04e-7  -2.59e-7    2.7e-8
   8.23e-8    4.6e-8  -2.91e-9  -2.21e-7  -1.43e-7   1.52e-8
   -4.9e-9   -2.9e-9  3.94e-10   1.36e-8   9.26e-9  -1.56e-9
  -4.04e-7  -2.21e-7   1.36e-8   1.15e-6   7.34e-7  -8.41e-8
  -2.58e-7  -1.43e-7   9.27e-9   7.34e-7   4.74e-7  -5.49e-8
    2.7e-8   1.52e-8  -1.56e-9  -8.42e-8  -5.49e-8   8.52e-9
Covariance: test for orthogonality
   2.6e-13  1.43e-13 -8.91e-15 -7.37e-13 -4.71e-13  5.38e-14
  1.43e-13  7.84e-14 -4.89e-15 -4.04e-13 -2.59e-13  2.95e-14
 -8.91e-15 -4.89e-15  3.05e-16  2.52e-14  1.61e-14 -1.84e-15
 -7.37e-13 -4.04e-13  2.52e-14  2.09e-12  1.33e-12 -1.52e-13
 -4.71e-13 -2.59e-13  1.61e-14  1.33e-12  8.54e-13 -9.74e-14
  5.38e-14  2.95e-14 -1.84e-15 -1.52e-13 -9.74e-14  1.11e-14
Correlation:
  1.000000  0.990050 -0.637761 -0.971736 -0.968565  0.754603
  0.990062  1.000000 -0.683140 -0.958455 -0.971745  0.769531
 -0.637531 -0.682900  1.000000  0.637755  0.678324 -0.853063
 -0.971496 -0.958207  0.637833  1.000000  0.993092 -0.849042
 -0.968478 -0.971644  0.678500  0.993250  1.000000 -0.863662
  0.754690  0.769602 -0.853304 -0.849332 -0.863810  1.000000
WtW:
  2.97e+26 -5.33e+26   7.5e+25  1.31e+26 -2.01e+26  2.79e+25
 -5.33e+26  9.54e+26 -1.34e+26 -2.35e+26   3.6e+26 -4.99e+25
   7.5e+25 -1.34e+26  1.89e+25  3.31e+25 -5.06e+25  7.03e+24
  1.31e+26 -2.35e+26  3.31e+25   5.8e+25 -8.86e+25  1.23e+25
 -2.01e+26   3.6e+26 -5.06e+25 -8.86e+25  1.35e+26 -1.88e+25
  2.79e+25 -4.99e+25  7.03e+24  1.23e+25 -1.88e+25  2.61e+24
WtW: test for orthogonality
  4.36e+53 -7.81e+53   1.1e+53  1.93e+53 -2.94e+53  4.09e+52
 -7.81e+53   1.4e+54 -1.97e+53 -3.45e+53  5.27e+53 -7.32e+52
   1.1e+53 -1.97e+53  2.78e+52  4.86e+52 -7.43e+52  1.03e+52
  1.93e+53 -3.45e+53  4.86e+52   8.5e+52  -1.3e+53  1.81e+52
 -2.94e+53  5.27e+53 -7.43e+52  -1.3e+53  1.99e+53 -2.76e+52
  4.09e+52 -7.32e+52  1.03e+52  1.81e+52 -2.76e+52  3.83e+51
Eigenvectors:
 -0.281319 -0.154307  0.009626  0.796312  0.509377 -0.058120
  0.774018  0.458379  0.001703  0.290290  0.076283 -0.317324
  0.168388 -0.301588  0.120932 -0.490807  0.732732 -0.297114
  0.298976  0.033752 -0.348571 -0.027739  0.319728  0.827633
  0.036955  0.152430  0.922424  0.020524  0.056742  0.347695
 -0.450165  0.806690 -0.113630 -0.198837  0.303929 -0.042213
Eigenvectors: test for orthogonality
  1.000000  0.000000 -0.000000 -0.000000 -0.000000 -0.000000
  0.000000  1.000000 -0.000000  0.000000  0.000000  0.000000
 -0.000000 -0.000000  1.000000 -0.000000 -0.000000 -0.000000
 -0.000000  0.000000 -0.000000  1.000000  0.000000 -0.000000
 -0.000000  0.000000 -0.000000  0.000000  1.000000 -0.000000
 -0.000000  0.000000 -0.000000 -0.000000 -0.000000  1.000000
Eigenvalues:
    551034   9.24e+7   1.77e+8   8.52e+8  7.42e+12  3.27e+19
One-sigma eigenvect:
 -0.000379 -0.000208    1.3e-5   0.00107  0.000686  -7.83e-5

Covariance in 'traditional' elements:
   Tp        e         q         Q         1/a       i         M         omega     Omega     MOID      H      
 (days)    (unitless) (AU)      (AU)      (1/AU)   (deg)     (deg)       (deg)     (deg)     (AU)    (mag)
  0.000353 -4.85e-11   1.46e-7  -2.75e-7      91.8    -0.116      22.6     0.281    -0.297         0         0 Tp
    9.4e-6  4.44e-11   3.41e-8  -6.43e-8      21.5  -0.00874      6.18    0.0197   -0.0215         0         0 e
   1.47e-7 -8.04e-16  7.22e-10  -1.36e-9     0.454 -0.000171     0.131  0.000379  -0.00042         0         0 q
  -2.76e-7  2.55e-15  -1.36e-9   2.56e-9    -0.855  0.000322    -0.248 -0.000714  0.000791         0         0 Q
      92.1  -1.25e-6     0.454    -0.855   2.86e+8   -107387   8.26e+7    238439   -263998         0         0 1/a
    -0.116   1.24e-8 -0.000171  0.000322   -107490      61.3    -30099      -142       153         0         0 i
      22.6   2.35e-7     0.131    -0.247   8.26e+7    -30070    2.4e+7     66481    -73787         0         0 M
     0.281  -3.14e-8  0.000379 -0.000714    238541      -142     66509       330      -356         0         0 omega
    -0.297   3.24e-8  -0.00042  0.000791   -264247       153    -73858      -356       385         0         0 Omega
         0         0         0         0         0         0         0         0         0         0         0 MOID
         0         0         0         0         0         0         0         0         0         0         0 H
   Tp        e         q         Q         1/a       i         M         omega     Omega     MOID      H      

   Tp         0.0188 2450561.090646594
         124       127     -23.7      44.6      43.9     -8.49
   e         6.66e-6 3.261432655
      -17239     30893     -4351     -7614     11639     -1616
   q         2.69e-5 0.000059944
      -0.457     0.819    -0.115    -0.184     0.319   -0.0437
   Q         5.06e-5 -0.000112957
       0.458    -0.818     0.115     0.167    -0.328    0.0444
   1/a         16897 -37726.068130727
     -245662   -144526     14150   1.15e+7   6.37e+6   -517391
   i            7.83 16.416292044
      -13121     71967    592235     -5148     27123    217508
   M            4895 -7392.769440671
    -1.63e+6   -1.6e+6    163273   2.83e+6   1.32e+6    -96687
   omega        18.2 321.271487835
      126730   -335758   -1.3e+6     60306   -140108   -516357
   Omega        19.6 -4.739302312
      -30539    168023   1.38e+6    -12996     68464    549060
   MOID            0 0.000000000
           0         0         0         0         0         0
   H               0 0.000000000
           0         0         0         0         0         0

Planet orbiting: 3
Sigmas:
sigma_Tp       0.0188 days
sigma_e             0 
sigma_q       2.69e-5 AU (4019 km)
sigma_Q       5.06e-5 AU (7571 km)
sigma_1/a       16897 1/AU
sigma_i             7 deg
sigma_M          4800 deg
sigma_omega        18 deg
sigma_Omega        19 deg
sigma_MOID          0 AU (0 km)
sigma_H             0 mag
