Orbit: 1.7263051 0.6253348 -0.0021433 -0.0111868 0.0087164 0.0000354
epoch JD 2450767.50000 (2450747.63343)
Eigenvalues computed: sigma_squared = 2.45435
   0:       -248     -8931   -459906      1.12      40.3      2074    -44785    457509     -8861       232     -2370     -4.08
   1:       -717    -16050   -922774     -1058    -23711  -1.36e+6    -81412    917580    -15895   -120302   1.36e+6    -23189
   2:      -1693    -12139  -1.15e+6     -2667    -19119  -1.82e+6   -101105   1.15e+6    -11920   -159321   1.81e+6    -18700
   3:       -279    -10032   -462662      -870    -31465  -1.45e+6    -36297    461070     -9974   -113999   1.45e+6    -31190
   4:       -287    -11167   -463729     -1432    -56601  -2.35e+6    -31174    462577    -11116   -158809   2.34e+6    -56322
   5:      -1119    -13715   -927984     -6144    -75709  -5.12e+6    -59897    924906    -13591   -332749   5.11e+6    -75198
   6:       -696     -5228   -464271     -4346    -32824  -2.92e+6    -27995    463390     -5173   -177345   2.91e+6    -32879
   7:      -1190    -23364  -1.16e+6     -8001   -159260  -7.92e+6    -66481   1.16e+6    -23212   -458231   7.89e+6   -158531
   8:      -1715    -15795  -1.16e+6    -14537   -135294  -9.95e+6    -55457   1.16e+6    -15662   -485493   9.93e+6   -134497
   9:      -1441     -9895   -929261    -13646    -94680   -8.9e+6    -39377    928082     -9805   -388737   8.88e+6    -93173
  10:       -470    -13285   -464260     -4891   -146151  -5.11e+6    -16277    464312    -13242   -188389   5.11e+6   -145554
  11:       -486    -14356   -463923     -5462   -173256   -5.6e+6    -13764    464185    -14312   -178678    5.6e+6   -172734
  12:       -980    -27911   -927724    -11197   -342557  -1.14e+7    -26601    927680    -27805   -352982   1.14e+7   -340833
  14:       -587    -14397   -462989     -7630   -203822  -6.56e+6     -9050    463674    -14350   -149123   6.56e+6   -203115
  16:      -1267    -36023   -922912    -18069   -588563  -1.51e+7     -8876    924776    -35882   -211730   1.51e+7   -587093
  17:       -763     -7010   -460966    -12573   -121402     -8e+6     -2413    462352     -6980    -82100   8.01e+6   -120560
  18:      -1987    -34338  -1.15e+6    -33539   -649865  -2.18e+7      1697   1.15e+6    -34177   -101978   2.18e+7   -647940
  19:       -815    -21013   -458958    -13011   -401391  -8.79e+6       988    460773    -20922    -36387    8.8e+6   -400688
  20:       -875    -20794   -458053    -14575   -416151  -9.19e+6      2654    460106    -20697    -11125   9.21e+6   -415129
Covariance:
   3.84e-6   3.78e-7  -9.47e-9   5.41e-8     -2e-8  6.61e-11
   3.78e-7   3.71e-8 -9.32e-10   5.32e-9  -1.97e-9  6.49e-12
  -9.47e-9 -9.32e-10  2.41e-11 -1.33e-10  4.94e-11 -2.17e-13
   5.41e-8   5.32e-9 -1.33e-10  7.72e-10 -2.82e-10  9.12e-13
     -2e-8  -1.97e-9  4.94e-11 -2.82e-10  1.05e-10 -3.45e-13
  6.61e-11  6.49e-12 -2.17e-13  9.12e-13 -3.45e-13  6.94e-15
Covariance: test for orthogonality
  1.49e-11  1.47e-12 -3.68e-14   2.1e-13 -7.78e-14  2.56e-16
  1.47e-12  1.44e-13 -3.61e-15  2.06e-14 -7.65e-15  2.52e-17
 -3.68e-14 -3.61e-15  9.06e-17 -5.17e-16  1.92e-16 -6.32e-19
   2.1e-13  2.06e-14 -5.17e-16  2.95e-15 -1.09e-15  3.61e-18
 -7.78e-14 -7.65e-15  1.92e-16 -1.09e-15  4.06e-16 -1.34e-18
  2.56e-16  2.52e-17 -6.32e-19  3.61e-18 -1.34e-18  4.41e-21
Correlation:
  1.000000  0.999976 -0.985134  0.992622 -0.999972  0.404839
  0.999976  1.000000 -0.985121  0.993243 -0.999981  0.404486
 -0.985134 -0.985121  1.000000 -0.978093  0.985108 -0.530403
  0.992622  0.993243 -0.978093  1.000000 -0.992728  0.393982
 -0.999972 -0.999981  0.985108 -0.992728  1.000000 -0.404757
  0.404839  0.404486 -0.530403  0.393982 -0.404757  1.000000
WtW:
  3.59e+10 -5.37e+11  2.41e+10  1.51e+11 -2.83e+12  2.08e+11
 -5.37e+11  1.17e+13   1.69e+9  -3.2e+12   1.1e+14  1.28e+10
  2.41e+10   1.69e+9  1.18e+13  2.08e+11  1.02e+10   1.1e+14
  1.51e+11  -3.2e+12  2.08e+11   1.1e+12 -2.85e+13  2.62e+12
 -2.83e+12   1.1e+14  1.02e+10 -2.85e+13  1.45e+15  1.35e+11
  2.08e+11  1.28e+10   1.1e+14  2.62e+12  1.35e+11  1.45e+15
WtW: test for orthogonality
  8.38e+24 -3.18e+26  2.32e+25  8.32e+25 -4.17e+27  3.05e+26
 -3.18e+26  1.22e+28  1.89e+24 -3.17e+27   1.6e+29  2.53e+25
  2.32e+25  1.89e+24  1.22e+28   2.9e+26  2.39e+25   1.6e+29
  8.32e+25 -3.17e+27   2.9e+26  8.31e+26 -4.17e+28  3.82e+27
 -4.17e+27   1.6e+29  2.39e+25 -4.17e+28  2.11e+30  3.19e+26
  3.05e+26  2.53e+25   1.6e+29  3.82e+27  3.19e+26  2.11e+30
Eigenvectors:
  0.995086  0.097853 -0.002454  0.014003 -0.005194  0.000017
 -0.043184  0.302608 -0.002640  0.952122 -0.004288 -0.001519
  0.001598  0.008747  0.997088 -0.000066 -0.000662 -0.075738
 -0.089067  0.945009 -0.008130 -0.304759 -0.077974  0.001182
  0.000451 -0.011873  0.074803  0.004869 -0.156303  0.984789
 -0.001920  0.074794  0.011877 -0.019142  0.984603  0.156369
Eigenvectors: test for orthogonality
  1.000000  0.000000  0.000000  0.000000  0.000000  0.000000
  0.000000  1.000000  0.000000  0.000000  0.000000 -0.000000
  0.000000  0.000000  1.000000  0.000000 -0.000000  0.000000
  0.000000  0.000000  0.000000  1.000000  0.000000  0.000000
  0.000000  0.000000 -0.000000  0.000000  1.000000 -0.000000
  0.000000 -0.000000  0.000000  0.000000 -0.000000  1.000000
Eigenvalues:
    257774  8.04e+10   1.4e+12  1.53e+12  5.94e+14  5.94e+14
One-sigma eigenvect:
   0.00196  0.000193  -4.83e-6   2.76e-5  -1.02e-5   3.37e-8

Covariance in 'traditional' elements:
   Tp        e         q         Q         1/a       i         M         omega     Omega     MOID      H      
 (days)    (unitless) (AU)      (AU)      (1/AU)   (deg)     (deg)       (deg)     (deg)     (AU)    (mag)
     0.246 -0.000696 -0.000282  -0.00893  0.000778  0.000212    -0.149     0.152   -0.0339         0  -0.00327 Tp
 -0.000696   1.99e-6   7.96e-7   2.54e-5  -2.22e-6  -5.94e-7  0.000423 -0.000429    9.5e-5         0   9.17e-6 e
 -0.000282   7.96e-7   3.24e-7   1.02e-5  -8.91e-7  -2.43e-7  0.000171 -0.000174   3.89e-5         0   3.76e-6 q
  -0.00893   2.54e-5   1.02e-5  0.000326  -2.84e-5  -7.63e-6   0.00542   -0.0055   0.00122         0  0.000118 Q
  0.000778  -2.22e-6  -8.91e-7  -2.84e-5   2.47e-6   6.65e-7 -0.000472  0.000479 -0.000106         0  -1.03e-5 1/a
  0.000212  -5.94e-7  -2.43e-7  -7.63e-6   6.65e-7   2.85e-7 -0.000128  0.000149  -4.76e-5         0  -2.83e-6 i
    -0.149  0.000423  0.000171   0.00542 -0.000472 -0.000128    0.0903   -0.0918    0.0204         0   0.00197 M
     0.152 -0.000429 -0.000174   -0.0055  0.000479  0.000149   -0.0918    0.0968   -0.0242         0  -0.00202 omega
   -0.0339    9.5e-5   3.89e-5   0.00122 -0.000106  -4.76e-5    0.0204   -0.0242     0.008         0  0.000452 Omega
         0         0         0         0         0         0         0         0         0         0         0 MOID
  -0.00327   9.17e-6   3.76e-6  0.000118  -1.03e-5  -2.83e-6   0.00197  -0.00202  0.000452         0   4.37e-5 H
   Tp        e         q         Q         1/a       i         M         omega     Omega     MOID      H      

   Tp          0.496 2450882.734546005
       -48.4     -43.8    0.0156    -12169      5433      31.7
   e         0.00141 0.570787562
      -0.333     0.309   0.00114      74.8      8.17    -0.125
   q        0.000569 1.043810665
      -0.604     -1.26  -0.00101      9.59      -169    -0.303
   Q           0.018 3.820030974
       -5.98     -1.12    0.0092       883      -527     -2.52
   1/a       0.00157 0.411197598
       0.557     0.201 -0.000692     -75.4      58.8     0.239
   i        0.000534 0.143732890
    -0.00521   0.00474      -2.8     -7.84      7.15     -4229
   M           0.301 -29.947641313
       -48.2     -10.6    0.0715     11399     -7840     -34.4
   omega       0.311 73.134526986
        15.3      64.9    -14632     -8270     15652   -889118
   Omega      0.0894 47.665294964
        27.1     -24.7     14632      1646     -1500    889157
   MOID            0 0.000000000
           0         0         0         0         0         0
   H         0.00661 16.516863724
        3.35    -0.561   -0.0115      5.28    -0.883   -0.0182

Planet orbiting: 0
Sigmas:
sigma_Tp        0.496 days
sigma_e       0.00141 
sigma_q      0.000569 AU (85187 km)
sigma_Q         0.018 AU (2.7e+6 km)
sigma_1/a     0.00157 1/AU
sigma_i       0.00053 deg
sigma_M          0.30 deg
sigma_omega      0.31 deg
sigma_Omega      0.08 deg
sigma_MOID          0 AU (0 km)
sigma_H       0.00661 mag
sigma_n:      0.00149
sigma_a:       0.0093 AU (1.39e+6 km)
sigma_P:         7.95 days
sigma_Py:     0.0218 years
U=8.4
